-1.234865
-1.298448
-1.008018
-0.306842
-0.735155
-0.503268
-1.352646
-0.367957
-0.030343
-0.410650
-0.524085
-0.783690
-0.506104
-1.096182
0.030433
-0.970781
0.216180
-0.571058
0.520011
-1.193963
-0.834228
-0.554050
-0.517804
-0.784250
-0.441049
-1.142485
0.434821
-0.420593
0.105139
-0.838654
-0.641579
-0.872184
0.822592
-0.542036
-0.055893
-0.245653
-0.391820
-0.171685
-0.961224
-1.281134
-0.881016
-0.669090
-0.077828
-0.624296
0.358189
-1.918045
-0.334886
-0.718360
-1.085553
-0.754777
-0.949820
-0.399146
0.429779
-0.444979
-0.290936
-1.294941
-1.281740
-0.945141
0.171490
-0.045151
-0.188185
-0.471040
-0.347960
0.332457
0.159897
-0.520106
-0.772105
-0.946872
-0.210605
-0.152235
-0.765610
-1.300743
-0.220559
-0.576228
-0.433056
-1.273194
-1.197457
-0.807776
-0.443278
-0.213290
-1.810277
-1.054697
-0.143152
-1.198204
-0.594526
-0.573164
-0.676537
-0.542871
-0.976285
-0.960843
-0.769581
-0.253812
-0.966241
0.247155
-0.350174
0.275103
-0.756881
-0.742065
-0.166357
-0.352528
0.084603
-1.230790
-0.953406
-1.174609
-0.322730
0.154171
0.908303
-0.068930
-0.988434
-0.702283
0.399440
-1.020436
-0.734011
-0.804886
-0.958630
-1.389111
-0.766391
-0.083979
0.169887
-0.955208
-0.113100
0.184665
-0.009246
-0.413383
0.211101
-0.558165
-0.311720
-1.067224
-0.102313
-0.166301
0.127409
-0.042501
0.012785
-0.325363
-0.272783
-2.286080
-0.525419
-1.159317
-0.513920
-0.379045
-0.717182
-0.393962
2.400791
1.447512
1.089375
1.156530
1.700738
1.844771
1.019050
0.617214
1.275095
1.424034
0.502165
2.166091
1.783065
1.224350
2.516438
0.099269
0.605945
2.074541
0.369468
1.347003
1.332532
1.085116
1.731249
2.628432
2.066983
-0.276769
0.768237
1.693739
2.025252
1.369106
1.152000
2.301717
0.684144
1.506275
1.154421
1.579207
1.618668
1.613403
1.479177
0.385936
0.987586
0.901712
0.872308
0.537017
1.486794
0.842738
1.684919
1.466154
0.718845
1.710412
1.535090
0.835962
1.106694
2.460531
1.524730
0.951043
0.541756
0.463266
