Mean1: -12, Scale1: 0.6026400568526976
Mean2: -10, Scale2: 0.6833632073273981
-12.747449
-12.817081
-12.499020
-11.731133
-12.200196
-11.946247
-12.876436
-11.798063
-11.428327
-11.844817
-11.969045
-12.253348
-11.949352
-12.595572
-11.361769
-12.458240
-11.158350
-12.020487
-10.825612
-12.702656
-12.308694
-12.001860
-11.962166
-12.253962
-11.878108
-12.646280
-10.918907
-11.855706
-11.279955
-12.313542
-12.097717
-12.350262
-10.494243
-11.988703
-11.456308
-11.664122
-11.824195
-11.583117
-12.447774
-12.798120
-12.359935
-12.127845
-11.480330
-12.078790
-11.002830
-13.495628
-11.761845
-12.181803
-12.583931
-12.221685
-12.435284
-11.832218
-10.924429
-11.882413
-11.713714
-12.813240
-12.798784
-12.430161
-11.207292
-11.444544
-11.601186
-11.910953
-11.776163
-11.031010
-11.219988
-11.964687
-12.240662
-12.432056
-11.625739
-11.561816
-12.233548
-12.819595
-11.636641
-12.026148
-11.869355
-12.789424
-12.706482
-12.279726
-11.880549
-11.628680
-13.377607
-12.550139
-11.551870
-12.707300
-12.046187
-12.022792
-12.136001
-11.989618
-12.464267
-12.447356
-12.237897
-11.673058
-12.453268
-11.124427
-11.778587
-11.093821
-12.223989
-12.207764
-11.577281
-11.781165
-11.302445
-12.742987
-12.439212
-12.681460
-11.748532
-11.226259
-10.400378
-11.470586
-12.477572
-12.164196
-10.957654
-12.512619
-12.198943
-12.276561
-12.444933
-12.916370
-12.234404
-11.487067
-11.209047
-12.441185
-11.518958
-11.192863
-11.405223
-11.847810
-11.163912
-12.006367
-11.736474
-12.563859
-11.507144
-11.577220
-11.255566
-11.441642
-11.381096
-11.751416
-11.693833
-13.898678
-11.970505
-12.664713
-11.957913
-11.810205
-12.180513
-11.826541
-8.765892
-9.809868
-10.202078
-10.128533
-9.532549
-9.374812
-10.279094
-10.719160
-9.998688
-9.835579
-10.845156
-9.022922
-9.442389
-10.054261
-8.639242
-11.286384
-10.731502
-9.123182
-10.990477
-9.919939
-9.935786
-10.206742
-9.499135
-8.516593
-9.131459
-11.698199
-10.553769
-9.540213
-9.177160
-9.895732
-10.133494
-8.874392
-10.645863
-9.745514
-10.130843
-9.665643
-9.622427
-9.628193
-9.775189
-10.972443
-10.313551
-10.407595
-10.439797
-10.806988
-9.766848
-10.472180
-9.549873
-9.789452
-10.607860
-9.521955
-9.713956
-10.479601
-10.183111
-8.700468
-9.725303
-10.353571
-10.801798
-10.887756
